[ 8.97674585 -6.5888168  -8.12169057  2.94132393  8.74880868 -3.18879872
  0.91308129] 5
[ 9.22634506  7.73429532 -0.10924017  3.89580843 -3.71914012 -5.35545087
 -9.60468001] 5
[ 1.32065426 -9.61985425 -1.83943408 -2.19813463 -0.15928672 -0.40257725
  8.71122838] 5
[ 6.56708097  3.0866693  -8.88790203 -3.55056016  5.95225243  8.79474297
  5.26007784] 5
[ 4.87954977  4.63562511 -2.40858727  1.06269412 -8.6689416  -8.3381753
 -2.9262667 ] 5
[ 1.19983505 -2.03907913 -8.78867751 -9.77719786 -2.67926678  8.42104755
 -3.50291611] 5
[ 3.18153088  2.56686578 -9.32999015  6.81550774  4.03084866 -7.12190364
  0.88333284] 5
[ 9.59356345 -3.61640191 -3.77712756 -6.3951343   5.33984526  6.46920821
  7.1516632 ] 5
[-2.19959916  2.27963341 -8.9142519  -7.51031614 -4.26945285  8.14989309
 -1.18118376] 6
[ 9.71522138 -3.83268953 -9.84346443  2.53462829  4.27836366 -7.83001841
 -4.16258724] 5
[10.23172033 -4.21688834 -8.40848913 -0.3921321  -4.47707397  7.66449776
  7.00618994] 6
[-0.62910632  3.16047498 -9.27948438  8.40453667  8.30029319 -8.99045379
 -4.17129585] 3
[ 7.85897636  1.44307669  0.82789608  3.18900194  6.64407953 -5.717236
 -4.53313758] 5
[ 2.61990268  2.92689096  2.46568823  1.29923469  7.70353546 -7.12090874
 -4.41074799] 5
[ 7.16162695  4.09902501  6.27474442 -5.05314627 -3.52231406 -3.62244095
  2.47146578] -1
[ 3.56214808  1.66941259 -6.84072186 -2.85613322 -7.57348263  1.55398789
  3.15826136] 5
[ 3.3787081  -4.68090373 -4.80842935 -9.00946749 -3.55935969  6.09378809
 -0.71597064] 5
[ 9.67931255 -0.7621646   4.27680163  0.52703795 -2.60574959  2.96600143
  6.50986676] 5
[ 9.49228679  8.7080322  -2.00283495  2.02991283  5.09052517 -7.18502275
 -3.76153562] 5
[ 2.94456973 -4.15932407  6.66967282  8.81783031 -0.02622121  2.93572642
  0.56780038] 5
[ 2.22350345  8.17346079  5.02894423  5.81391839 -2.28771203 -2.87057488
 -2.95725714] 5
[ 6.84793842 -0.38098266 -7.94111608  4.36254941  8.68532099 -2.47497064
 -0.01511398] 3
[ 8.28639245  0.63019482  8.99819729  5.52135516  1.22495245  5.25540753
 -2.26215601] 5
[ 6.13159488 -9.37048465 -0.53967731 -6.77594299 -2.06260835 -2.63232112
  1.64537822] 2
[ 0.1521602   7.70409017 -4.81460983 -9.35653998 -2.30319761  8.8196854
 -1.78156901] 5
[-0.52553195  6.33245888  6.42166021  8.734919    4.18151933  6.99185196
 -6.63219546] 6
[ 5.15261988 -1.54073063  3.3670297  -2.12041614 -5.20860551 -6.75797875
  2.14369916] 5
[-9.40273782 -0.09320361  3.21404861 -9.13062875 -1.20052939 -8.43523472
  0.98596495] 5
[ 8.91294141 -6.41252041 -5.67966467 -0.28174184 -7.16051905 -6.78454999
  8.36573983] 6
[ 1.80302433  1.94693886 -5.16587584 -9.71540612 -1.45040678  4.57400134
 -2.65279598] 6
[ 5.70007591  5.21123427  1.81039475  3.11140817  2.70011199 -9.66785542
 -6.14262969] 5
[ 9.92429496e+00  8.30591205e+00 -3.65291164e-03  6.98091981e-01
 -4.34520474e+00 -5.34628027e+00 -3.56790448e+00] 5
[ 7.4982901  -1.57197661 -3.86531316  1.6001179   5.76187794 -9.03884495
 -8.23362639] 6
[ 7.00955051 -3.88304947  3.94496257  4.00593362  2.54703698  7.47678265
 -1.35989003] 5
[ 9.89999373 -1.14080324  9.4403589  -9.85062751 -0.28019148 -9.72608724
  2.92238717] 3
[ 3.1464123   1.07395554  1.24144558 -3.37820687 -9.01210062  2.08227684
 -0.18163668] 5
[ 4.08516747  3.33111211 -6.32095014  3.44255159 -5.18908004 -6.47989346
 -8.6995717 ] 5
[ 3.96813396 -8.64231339 -7.48181751 -3.43734627 -9.56916519 -0.46678943
 -0.2061651 ] 5
[ 3.47844097 -8.20477734  5.66361869 -9.02925165 -1.118106   -1.39390474
  8.87201139] 5
[ 3.86520837 -6.36159231  8.66894625 -3.63901977 -2.46362588  4.54676127
  6.11885983] 5
[ 6.85259395 -4.00086021 -0.86604556 -6.00900341  4.02561034  4.93708245
  6.29244637] 6
[-5.00679369 -3.93946348 -3.42307455 -7.14567691  2.74002177  2.86615893
  3.38920655] 5
[ 0.34360121  2.81059631 -8.96021825  3.67797597  4.00282157 -5.39126891
  1.76848607] 5
[ 3.06722121  9.35179955  1.6897996   9.27861138  3.68235505  6.64670034
 -8.62730236] 5
[-1.24342027  7.23818112 -2.34405615  9.02706946 -0.58811734  0.29378525
 -4.2220215 ] 6
[ 6.54700048 -1.44838665 -2.73329429 -8.77919097 -0.28957714  0.93377036
 -0.54162854] 6
[-3.07508574 -5.01279981 -7.64301121 -3.05692031  6.73108759  6.54351082
  1.32504601] 5
[ 4.3386237  -4.14534923 -2.83716367 -5.75623928 -1.7854469  -1.64396214
  7.02985736] 5
[ 4.69735298 -9.79851243 -3.26527221 -3.02133342 -6.24901767  8.50307653
  5.35742932] 5
[ 9.20690844  6.04211745 -4.40329877  2.28908574 -2.45806087 -6.55377847
 -6.08317127] 5
[ 0.52198886  7.62650086  8.73203074  8.55054534  2.16938229  4.65928932
 -6.04012935] 6
[ 7.02771183 -4.83939629 -7.18760324  3.63332835  4.48085291 -0.36729184
 -5.34505192] 5
[ 7.18419932 -0.73713625 -4.4955729   0.86837445  2.48289117 -5.90862903
 -4.87802643] 5
[ 2.4893066   2.45683013  7.21038835  3.63119838  3.01964562 -3.94101118
 -5.62245232] 5
[ 4.30551047 -2.47401192  0.55522835 -1.89508014  2.09544681  2.44005744
  7.60135545] 5
[ 8.66141083  1.79858444 -4.07651541  3.06555598  9.58859148 -6.766778
 -7.39334688] 5
[ 6.83203488  2.95205003 -3.27370021  0.08497746  4.51737849 -0.0633628
 -8.61921693] 6
[-3.11576869 -7.0672258  -9.7047711  -5.16649368 -0.13066154  0.10055154
 -0.28718168] 5
[ 3.1092946  -6.78191393 -1.85550759 -7.12560328  3.99672313  2.65885568
 -0.1337228 ] 0
[-6.75466841  7.28995477 -5.68508264  8.23990022  7.43290228 -9.00839455
  1.77275649] 5
[ 7.88603902 -0.44009689 -6.08596608 -0.23173762  0.75585074  2.58121478
  6.13494476] 5
[-1.44367832 -3.13583652 -4.57643266 -4.50216758  5.13956717  7.54791983
  8.58700187] -1
[ 1.80645106 -9.166372   -6.15325697 -2.996654   -4.11841278 -8.74739868
 -9.5554464 ] -1
[ 6.10371198  9.30146821  5.40524886  1.53701835  5.27775095 -0.23187081
  4.32598608] 1
[-6.34391092 -6.02274751  0.27455946  7.12504738 -1.49345251 -7.60896266
 -4.84356754] -1
[ 1.97067762 -7.77847277  3.44993635 -2.4656776   4.39454888  8.66650879
  2.37381766] -1
[-0.90902967 -5.60711509 -5.84031028 -4.25938583 -0.49642452  8.19848568
 -8.10855482] 0
[-5.73425361 -4.04184829  6.74784404 -6.76888748  1.0404322  -1.605244
  5.32226871] 0
[ 4.42759624 -5.0408539   9.92598304 -7.52872517  6.89460349 -8.04072331
  3.23399911] 0
[ 2.07775179  4.54504526 -5.57548808  6.37168908 -7.924463    6.85586877
 -5.42071003] 0
[ 0.844231    2.44767662 -7.65121019  0.08046641  3.99534341  1.20495738
  6.54587794] 0
[ 8.11757043  2.21995727  9.62271236 -9.7886098  -9.76366902  8.68061991
 -2.05786755] 0
[ 6.25234327 -5.74822355  6.77571045  3.43186062  9.03167834 -5.67469645
 -0.11011314] 0
[-5.27803606 -9.11640431  0.71192063  1.82478562  7.14033265  1.39725556
  6.1322545 ] 0
[ 2.52507156 -6.98735793  5.17606463 -0.88516032  3.59993313  1.385163
 -8.54395189] 0
[-6.64497338  4.75068154 -7.86388651  6.7844755  -7.75125479  4.27575563
  9.45614677] 0
[-9.97569553 -1.49972407 -5.56412944 -7.76069594 -2.60838675 -7.38304416
 -3.75847149] 0
[-3.75906053  4.00328388 -8.33644063 -8.32734284  4.62057249  6.2389723
  8.08788414] 0
[ 5.25558619 -9.14978841  0.82672697 -3.22320855 -9.81886058 -2.61448444
 -1.0954305 ] 0
[-3.01413812 -7.182604    3.39421708 -1.60970383  8.56370541 -5.89465692
 -0.39385865] 0
[ 6.96772767 -8.31975717  9.36842544 -3.11646311 -8.80167887  5.04082102
 -8.68797483] 1
[-0.04987464  0.00980752 -8.25706646 -1.16038087  3.15974258 -7.91103944
  3.95919496] 0
[ 0.87747492 -3.31516008 -8.07321317 -7.73406612  4.85187012 -1.06518928
  1.06840553] 0
[ 0.9066727   4.17405431 -7.01034654 -6.69843321  8.66432991 -6.77046992
 -2.34441855] 0
[-2.95693861 -2.29565437 -5.9747547   3.13240074 -1.03132631  0.33164886
 -8.31157143] 1
[ 4.13244428 -8.90144648  7.10297744 -3.14085212  3.79475077 -1.80612741
 -4.1146155 ] 0
[-7.93288957  5.61563329  8.54234887  2.54462843  0.33970023  8.57053734
  9.73437929] 1
[ 0.16132551  4.39695769 -3.12052827  3.73568334  0.58661879  1.17920917
  3.14971502] 1
[ 1.48865706 -5.94257498 -0.03937167  1.93247842 -1.3540965  -7.82558357
 -5.99329126] 1
[ 3.48132815  9.23230718 -9.37440346  2.33533086 -8.78090926  8.32210349
 -1.14584263] 3
[ 9.45587375 -5.36366661 -3.33740025  0.89331477  8.27402905  8.20409824
 -0.81588063] 5
[-5.43633983  6.83163341  1.73615429  5.5123581  -9.6928254   5.38622647
 -6.21141784] 0
[-9.328552   -8.99235119 -0.32527443 -2.44880887  2.73310257  1.16594835
 -9.6838114 ] 0
[ 3.95629079  6.1654355   0.08589137  2.47041609  6.30644318 -4.16457539
  0.59995587] 5
[-7.32555765  0.44994851  9.5473644   0.28450193 -3.08652925 -4.653768
 -9.08607103] 1
[-7.6770251   8.76912976 -0.23564508 -4.88344492  1.2614035  -6.35770868
 -9.51731889] 0
[ 0.03533396  9.49256504  4.47628696 -7.08620472  1.2670308   3.1961427
 -5.90188307] 0
[-6.33784662  2.81124277 -5.37455224 -5.86631845  1.5128782   5.41188734
  2.16382801] 0
[ 8.65707563 -3.60095961 -3.98772462  3.84533047  2.79650918  6.79240726
 -0.70137257] 0
[-3.35998626  6.32884243  6.67692309 -9.90069336  5.66072282  1.40811484
 -9.75493893] 0